,latitude,longitude,states,labels
0,40.0796606,-89.4337288,Illinois,4
1,39.2798913,-76.6003494401793,Maryland,0
2,35.9136621,-78.9811808,North Carolina,4
3,43.411391,-106.280075,Wyoming,4
4,27.7567667,-81.4639835,Florida,0
5,47.427155,-92.937689,Minnesota,0
6,40.0796606,-89.4337288,Illinois,4
7,39.2798913,-76.6003494401793,Maryland,0
8,47.427155,-92.937689,Minnesota,0
9,40.0796606,-89.4337288,Illinois,4
10,39.2798913,-76.6003494401793,Maryland,0
11,32.7762719,-96.7968559,Texas,4
12,47.427155,-92.937689,Minnesota,0
13,40.0796606,-89.4337288,Illinois,4
14,32.7762719,-96.7968559,Texas,4
15,47.427155,-92.937689,Minnesota,0
16,40.0796606,-89.4337288,Illinois,4
17,40.7308619,-73.9871558,New York,4
18,32.7762719,-96.7968559,Texas,4
19,47.427155,-92.937689,Minnesota,0
20,40.0796606,-89.4337288,Illinois,4
21,38.4758406,-80.8408415,West Virginia,0
22,40.7308619,-73.9871558,New York,4
23,42.3602534,-71.0582912,Massachusetts,4
24,40.7308619,-73.9871558,New York,4
25,32.7762719,-96.7968559,Texas,4
26,47.427155,-92.937689,Minnesota,0
27,40.0796606,-89.4337288,Illinois,4
28,33.6874388,-80.4363743,South Carolina,0
29,38.4758406,-80.8408415,West Virginia,0
30,40.7308619,-73.9871558,New York,4
31,42.3602534,-71.0582912,Massachusetts,4
32,40.7308619,-73.9871558,New York,4
33,32.7762719,-96.7968559,Texas,4
34,47.427155,-92.937689,Minnesota,0
35,33.6874388,-80.4363743,South Carolina,0
36,38.4758406,-80.8408415,West Virginia,0
37,40.7308619,-73.9871558,New York,4
38,42.3602534,-71.0582912,Massachusetts,4
39,40.7308619,-73.9871558,New York,4
40,32.7762719,-96.7968559,Texas,4
41,47.427155,-92.937689,Minnesota,0
42,33.6874388,-80.4363743,South Carolina,0
43,38.4758406,-80.8408415,West Virginia,0
44,40.7308619,-73.9871558,New York,4
45,42.3602534,-71.0582912,Massachusetts,4
46,40.7308619,-73.9871558,New York,4
47,32.7762719,-96.7968559,Texas,4
48,28.5027031,-81.3969519,Florida,0
49,33.6874388,-80.4363743,South Carolina,0
50,38.4758406,-80.8408415,West Virginia,0
51,40.7308619,-73.9871558,New York,4
52,42.3602534,-71.0582912,Massachusetts,4
53,40.7308619,-73.9871558,New York,4
54,32.7762719,-96.7968559,Texas,4
55,28.5027031,-81.3969519,Florida,0
56,33.6874388,-80.4363743,South Carolina,0
57,38.4758406,-80.8408415,West Virginia,0
58,40.7308619,-73.9871558,New York,4
59,42.3602534,-71.0582912,Massachusetts,4
60,40.7308619,-73.9871558,New York,4
61,32.7762719,-96.7968559,Texas,4
62,32.7174209,-117.1627714,California,4
63,29.7589382,-95.3676974,Texas,4
64,28.5027031,-81.3969519,Florida,0
65,33.6874388,-80.4363743,South Carolina,0
66,38.4758406,-80.8408415,West Virginia,0
67,40.7308619,-73.9871558,New York,4
68,42.3602534,-71.0582912,Massachusetts,4
69,40.7308619,-73.9871558,New York,4
70,40.0757384,-74.4041622,New Jersey,4
71,32.7174209,-117.1627714,California,4
72,29.7589382,-95.3676974,Texas,4
73,28.5027031,-81.3969519,Florida,0
74,33.6874388,-80.4363743,South Carolina,0
75,38.4758406,-80.8408415,West Virginia,0
76,40.7308619,-73.9871558,New York,4
77,42.3602534,-71.0582912,Massachusetts,4
78,34.0224149,-118.286344073446,California,0
79,41.4236149,-75.5696614,Pennsylvania,4
80,40.0757384,-74.4041622,New Jersey,4
81,32.7174209,-117.1627714,California,4
82,29.7589382,-95.3676974,Texas,4
83,28.5027031,-81.3969519,Florida,0
84,33.6874388,-80.4363743,South Carolina,0
85,34.0224149,-118.286344073446,California,0
86,41.4236149,-75.5696614,Pennsylvania,4
87,40.0757384,-74.4041622,New Jersey,4
88,32.7174209,-117.1627714,California,4
89,29.7589382,-95.3676974,Texas,4
90,28.5027031,-81.3969519,Florida,0
91,33.6874388,-80.4363743,South Carolina,0
92,40.1353063,-79.895476,Pennsylvania,0
93,30.671598,-97.6550066012043,Texas,0
94,38.9742502,-94.6851702,Kansas,4
95,26.9260832,-80.1210891406095,Florida,4
96,34.0224149,-118.286344073446,California,0
97,41.4236149,-75.5696614,Pennsylvania,4
98,40.0757384,-74.4041622,New Jersey,4
99,32.7174209,-117.1627714,California,4
100,29.7589382,-95.3676974,Texas,4
101,28.5027031,-81.3969519,Florida,0
102,33.6874388,-80.4363743,South Carolina,0
103,40.1353063,-79.895476,Pennsylvania,0
104,30.671598,-97.6550066012043,Texas,0
105,38.9742502,-94.6851702,Kansas,4
106,26.9260832,-80.1210891406095,Florida,4
107,34.0224149,-118.286344073446,California,0
108,41.4236149,-75.5696614,Pennsylvania,4
109,40.0757384,-74.4041622,New Jersey,4
110,32.7174209,-117.1627714,California,4
111,29.7589382,-95.3676974,Texas,4
112,28.5027031,-81.3969519,Florida,0
113,40.1353063,-79.895476,Pennsylvania,0
114,30.671598,-97.6550066012043,Texas,0
115,38.9742502,-94.6851702,Kansas,4
116,26.9260832,-80.1210891406095,Florida,4
117,34.0224149,-118.286344073446,California,0
118,41.4236149,-75.5696614,Pennsylvania,4
119,40.0757384,-74.4041622,New Jersey,4
120,32.7174209,-117.1627714,California,4
121,29.7589382,-95.3676974,Texas,4
122,28.5027031,-81.3969519,Florida,0
123,28.495156,-81.3111658,Florida,4
124,40.1353063,-79.895476,Pennsylvania,0
125,30.671598,-97.6550066012043,Texas,0
126,38.9742502,-94.6851702,Kansas,4
127,26.9260832,-80.1210891406095,Florida,4
128,34.0224149,-118.286344073446,California,0
129,41.4236149,-75.5696614,Pennsylvania,4
130,40.0757384,-74.4041622,New Jersey,4
131,32.7174209,-117.1627714,California,4
132,29.7589382,-95.3676974,Texas,4
133,28.5027031,-81.3969519,Florida,0
